1:

pnpRansac inliers/total size: 47/108
pnpG2O inlier/total size: 25/47
T_c_w_estimated_:
  0.783492   0.238837  -0.573669    4.98872
 -0.286081    0.95817 0.00820013    1.95994
  0.551632   0.157691   0.819046   -3.36515
         0          0          0          1
optimization time: 0.0251937

2:

pnpRansac inliers/total size: 89/110
pnpG2O inlier/total size: 69/89
T_c_w_estimated_:
  0.999057  0.0362218  0.0239558  -0.856482
-0.0342612   0.996386 -0.0777298    3.85432
-0.0266847  0.0768357   0.996687   -6.72043
         0          0          0          1
optimization time: 0.0575481

3:

pnpRansac inliers/total size: 32/56
pnpG2O inlier/total size: 21/32
T_c_w_estimated_:
  0.939554   0.167497  -0.298635    7.45745
 -0.190701   0.980368 -0.0501122     1.8336
  0.284379   0.104033   0.953051   -3.87183
         0          0          0          1
optimization time: 0.0270585

4:

pnpRansac inliers/total size: 5/5
pnpG2O inlier/total size: 5/5
T_c_w_estimated_:
-0.225905 -0.880128 -0.417542   4.74884
-0.948764  0.295995 -0.110606   1.60206
 0.220938  0.371162 -0.901901   24.2989
        0         0         0         1
optimization time: 0.00249374
5:

pnpRansac inliers/total size: 11/27
pnpG2O inlier/total size: 11/11
T_c_w_estimated_:
-0.921146  0.168967 -0.350627   2.47105
-0.161108  0.654531   0.73867  -3.08092
 0.354307  0.736912 -0.575697   7.50523
        0         0         0         1
optimization time: 0.00683433
6:

pnpRansac inliers/total size: 76/170
pnpG2O inlier/total size: 53/76
T_c_w_estimated_:
  0.843341   0.231676  -0.484874    6.08241
 -0.264244   0.964455 0.00122241    1.92589
  0.467922   0.127094   0.874583   -3.46826
         0          0          0          1
optimization time: 0.0263349

7:  no points input , failed

8:
pnpRansac inliers/total size: 10/79
pnpG2O inlier/total size: 6/10
T_c_w_estimated_:
-0.818204  0.469802 -0.331404   2.69085
 -0.24466 -0.806148 -0.538764   1.53817
-0.520273 -0.359737  0.774535 -0.825245
        0         0         0         1
optimization time: 0.00764802



sigma = 3 pixel:

pnpRansac inliers/total size: 47/108
pnpG2O inlier/total size: 63/108
pnpG2O inlier ratio: 0.583333
chi2_th is: 53.919

2:
pnpRansac inliers/total size: 89/110
pnpG2O inlier/total size: 98/110
pnpG2O inlier ratio: 0.890909
chi2_th is: 53.919

3:
pnpRansac inliers/total size: 32/56
pnpG2O inlier/total size: 45/56
pnpG2O inlier ratio: 0.803571
chi2_th is: 53.919

4:
pnpRansac inliers/total size: 5/5
pnpG2O inlier/total size: 5/5
pnpG2O inlier ratio: 1
chi2_th is: 53.919

5:
pnpRansac inliers/total size: 11/27
pnpG2O inlier/total size: 10/27
pnpG2O inlier ratio: 0.37037
chi2_th is: 53.919

6:
pnpRansac inliers/total size: 76/170
pnpG2O inlier/total size: 108/170
pnpG2O inlier ratio: 0.635294
chi2_th is: 53.919
7:
8:
pnpRansac inliers/total size: 10/79
pnpG2O inlier/total size: 6/79
pnpG2O inlier ratio: 0.0759494
chi2_th is: 53.199

sigma = 5 pixel:

pnpRansac inliers/total size: 47/108
pnpG2O inlier/total size: 88/108
pnpG2O inlier ratio: 0.814815
chi2_th is: 149.775

2:
pnpRansac inliers/total size: 89/110
pnpG2O inlier/total size: 107/110
pnpG2O inlier ratio: 0.972727
chi2_th is: 149.775

3:
pnpRansac inliers/total size: 32/56
pnpG2O inlier/total size: 49/56
pnpG2O inlier ratio: 0.875
chi2_th is: 149.775

4:
pnpRansac inliers/total size: 5/5
pnpG2O inlier/total size: 5/5
pnpG2O inlier ratio: 1
chi2_th is: 149.775

5:
pnpRansac inliers/total size: 11/27
pnpG2O inlier/total size: 11/27
pnpG2O inlier ratio: 0.407407
chi2_th is: 149.775

6:
pnpRansac inliers/total size: 76/170
pnpG2O inlier/total size: 143/170
pnpG2O inlier ratio: 0.841176
chi2_th is: 149.775

7:
8:
pnpRansac inliers/total size: 10/79
pnpG2O inlier/total size: 20/79
pnpG2O inlier ratio: 0.253165
chi2_th is: 149.775
