2023年3月3号，阈值相同  60 300 ，12 对图像 优化位姿和初始匹配

1:
pnpRansac inliers/total size: 81/2286
pnpG2O inlier/total size: 386/2286
pnpG2O inlier ratio: 0.168854
chi2_th is: 119.82
T_c_w_estimated_: 
  0.779721   0.237503  -0.579333    5.08604
 -0.289434   0.957194 0.00286286    1.98879
  0.555214   0.165447   0.815086   -3.11215
         0          0          0          1
optimization time: 2.30823
Writing Finished 
2:
pnpRansac inliers/total size: 184/707
pnpG2O inlier/total size: 304/707
pnpG2O inlier ratio: 0.429986
chi2_th is: 119.82
T_c_w_estimated_: 
  0.999074  0.0354571  0.0243519  -0.846142
-0.0335397   0.996613 -0.0750801    3.85495
-0.0269315  0.0741939    0.99688   -6.86623
         0          0          0          1
optimization time: 0.709436
Writing Finished 
3:
pnpRansac inliers/total size: 76/270
pnpG2O inlier/total size: 114/270
pnpG2O inlier ratio: 0.422222
chi2_th is: 119.82
T_c_w_estimated_: 
  0.942886   0.176713  -0.282382    7.21497
 -0.196656   0.979499 -0.0436791    1.59791
  0.268874  0.0967165   0.958307   -3.75557
         0          0          0          1
optimization time: 0.359922
Writing Finished 
4:
pnpRansac inliers/total size: 25/86
pnpG2O inlier/total size: 32/86
pnpG2O inlier ratio: 0.372093
chi2_th is: 119.82
T_c_w_estimated_: 
   0.986467   -0.163522   0.0119801    0.544946
   0.163959    0.983529  -0.0760793     3.66028
0.000657855   0.0770139     0.99703    -7.16483
          0           0           0           1
optimization time: 0.2257
Writing Finished 
5:
pnpRansac inliers/total size: 163/7594
pnpG2O inlier/total size: 265/7594
pnpG2O inlier ratio: 0.034896
chi2_th is: 119.82
T_c_w_estimated_: 
-0.920137   0.20353  -0.33455    2.3415
-0.120763  0.665205   0.73683  -3.05492
 0.372511  0.718386 -0.587501    7.0752
        0         0         0         1
optimization time: 7.88224
Writing Finished 
6:
pnpRansac inliers/total size: 86/599
pnpG2O inlier/total size: 240/599
pnpG2O inlier ratio: 0.400668
chi2_th is: 119.82
T_c_w_estimated_: 
 0.838087   0.23462 -0.492507   6.18429
-0.267548  0.963537 0.0037279   1.95412
 0.475423  0.128645  0.870301  -3.64304
        0         0         0         1
optimization time: 0.603984
Writing Finished 
7:
pnpRansac inliers/total size: 19/70
pnpG2O inlier/total size: 24/70
pnpG2O inlier ratio: 0.342857
chi2_th is: 119.82
T_c_w_estimated_: 
 0.731855  0.330195 -0.596121   6.45953
-0.328788  0.937311  0.115531   2.77495
 0.596898  0.111445  0.794539  -4.29268
        0         0         0         1
optimization time: 0.0820629
Writing Finished 
8:
pnpRansac inliers/total size: 90/15951
pnpG2O inlier/total size: 438/15951
pnpG2O inlier ratio: 0.0274591
chi2_th is: 119.82
T_c_w_estimated_: 
-0.510491  0.329139 -0.794397   5.19433
-0.466454  0.670105  0.577391   -2.9288
 0.722371  0.665302 -0.188555   6.21286
        0         0         0         1
optimization time: 13.3663
Writing Finished 
9:
pnpRansac inliers/total size: 3495/14384
pnpG2O inlier/total size: 6628/14384
pnpG2O inlier ratio: 0.46079
chi2_th is: 119.82
T_c_w_estimated_: 
   0.99242 -0.0614906   0.106399   -1.35829
 0.0670114   0.996543 -0.0491115     2.1043
 -0.103011  0.0558693    0.99311    -3.6897
         0          0          0          1
optimization time: 9.7555
Writing Finished 
10:
pnpRansac inliers/total size: 50/565
pnpG2O inlier/total size: 156/565
pnpG2O inlier ratio: 0.276106
chi2_th is: 119.82
T_c_w_estimated_: 
  0.939579  -0.122569   0.319637   -3.51656
  0.153848   0.985288 -0.0744178    3.21414
 -0.305813   0.119097   0.944613   -5.24986
         0          0          0          1
optimization time: 0.481289
Writing Finished 
11:
pnpRansac inliers/total size: 12/52
pnpG2O inlier/total size: 30/52
pnpG2O inlier ratio: 0.576923
chi2_th is: 119.82
T_c_w_estimated_: 
 0.161537 -0.463522  0.871237  -6.49527
 0.507073  0.796364   0.32967 -0.707638
 -0.84663  0.388526  0.363681   1.70671
        0         0         0         1
optimization time: 0.111522
Writing Finished 
12:
pnpRansac inliers/total size: 449/1229
pnpG2O inlier/total size: 800/1229
pnpG2O inlier ratio: 0.650936
chi2_th is: 119.82
T_c_w_estimated_: 
 0.980457  -0.10746  0.164794  -1.32192
 0.121756  0.989393 -0.079225   2.62921
-0.154533 0.0977414  0.983141  -4.52632
        0         0         0         1
optimization time: 0.757318
Writing Finished





exp: 1 

Can not  3290 find the point in grid
--Noise not Open
max distance is:  454.6548156738281
Gtk-Message: 19:22:16.403: Failed to load module "canberra-gtk-module"
feature size:  271986
matches size:  2286
特征点提取&生成描述运行时间:134.81秒
0   inliers/matched(adalam)
exp: 2 

Can not  688 find the point in grid
--Noise not Open
max distance is:  622.5496215820312
feature size:  207451
matches size:  707
特征点提取&生成描述运行时间:25.60秒
68   inliers/matched(adalam)
exp: 3 

Can not  2086 find the point in grid
--Noise not Open
max distance is:  409.47406005859375
feature size:  61677
matches size:  270
特征点提取&生成描述运行时间:10.31秒
12   inliers/matched(adalam)
exp: 4 

Can not  653 find the point in grid
--Noise not Open
max distance is:  371.2061462402344
feature size:  50305
matches size:  86
特征点提取&生成描述运行时间:10.30秒
2   inliers/matched(adalam)
exp: 5 

Can not  904 find the point in grid
--Noise not Open
max distance is:  660.3764038085938
feature size:  65338
matches size:  7594
特征点提取&生成描述运行时间:166.32秒
0   inliers/matched(adalam)
exp: 6 

Can not  1610 find the point in grid
--Noise not Open
max distance is:  443.0259704589844
feature size:  57972
matches size:  599
特征点提取&生成描述运行时间:23.49秒
20   inliers/matched(adalam)
exp: 7 

Can not  1325 find the point in grid
--Noise not Open
max distance is:  396.3849182128906
feature size:  91571
matches size:  70
特征点提取&生成描述运行时间:14.08秒
4   inliers/matched(adalam)
exp: 8 

Can not  925 find the point in grid
--Noise not Open

max distance is:  624.4829711914062
feature size:  229054
matches size:  15951
特征点提取&生成描述运行时间:978.31秒
0   inliers/matched(adalam)
exp: 9 

Can not  2382 find the point in grid
--Noise not Open
max distance is:  550.1427001953125
feature size:  345155
matches size:  14384
特征点提取&生成描述运行时间:907.09秒
1941   inliers/matched(adalam)
exp: 10 

Can not  983 find the point in grid
--Noise not Open
max distance is:  553.9422607421875
feature size:  192341
matches size:  565
特征点提取&生成描述运行时间:25.57秒
7   inliers/matched(adalam)
exp: 11 

Can not  819 find the point in grid
--Noise not Open
max distance is:  321.90838623046875
feature size:  26667
matches size:  52
特征点提取&生成描述运行时间:9.15秒
1   inliers/matched(adalam)
exp: 12 

Can not  4368 find the point in grid
--Noise not Open
max distance is:  407.23089599609375
feature size:  85041
matches size:  1229
特征点提取&生成描述运行时间:88.96秒
167   inliers/matched(adalam)
(adalam) 



位子误差结果：

exp: 1 

--Noise not Open
error_angle is  0.26993025557052897  deg
error_translation is  0.0806039609276819  m
exp: 2 

--Noise not Open
error_angle is  0.2255345872424845  deg
error_translation is  0.08925213674108379  m
exp: 3 

--Noise not Open
error_angle is  1.2191059579909513  deg
error_translation is  0.6919080822428462  m
exp: 4 

--Noise not Open
error_angle is  5.466404793823489  deg
error_translation is  0.08836422726908243  m
exp: 5 

--Noise not Open
error_angle is  1.6752115475110654  deg
error_translation is  0.24833913627904156  m
exp: 6 

--Noise not Open
error_angle is  1.1427912417901092  deg
error_translation is  0.13715773451472937  m
exp: 7 

--Noise not Open
error_angle is  4.285859930917271  deg
error_translation is  0.5395034360303949  m
exp: 8 

--Noise not Open
error_angle is  1.204867598751757  deg
error_translation is  0.213995426696802  m
exp: 9 

--Noise not Open
error_angle is  0.18436426862749963  deg
error_translation is  0.12543125756892637  m
exp: 10 

--Noise not Open
error_angle is  1.59621489213741  deg
error_translation is  0.21745839922571214  m
exp: 11 

--Noise not Open
error_angle is  1.627871016441759  deg
error_translation is  0.12101471425775706  m
exp: 12 

--Noise not Open
error_angle is  0.7605420197231008  deg
error_translation is  0.10688805059405271  m

